  -2.5127614e-03
  -6.4785307e-03
   3.9308538e-02
   4.3247769e-02
   4.3025835e-02
   6.3730883e-03
  -6.3930445e-03
   8.6921809e-03
  -1.9362058e-03
   4.4482173e-03
  -1.1643973e-02
  -8.9645849e-03
  -3.8696275e-02
  -7.9597636e-02
  -5.5859272e-02
  -4.4622667e-02
  -3.7337003e-02
   3.9528336e-02
   1.9581662e-02
   2.0233119e-02
   8.1586050e-03
   2.4760945e-02
   3.5556145e-02
   1.8171918e-02
  -6.4162366e-03
   1.8067105e-03
   1.2992438e-02
   9.8623191e-03
  -7.9649295e-03
  -4.6075725e-02
  -6.1484095e-02
  -3.8946236e-02
   4.1454107e-03
   2.1342819e-02
   8.9041380e-03
   1.8982787e-03
   1.5248843e-02
  -1.1480775e-03
   1.7881051e-03
  -2.9134057e-03
   4.7364353e-03
  -4.3658381e-03
  -2.8106481e-03
   2.4269005e-02
  -4.5542564e-03
   2.6836565e-02
   3.2928635e-02
   8.2842664e-03
  -1.9727316e-02
  -1.6040871e-02
  -1.1479856e-02
  -2.8671968e-02
  -1.8929942e-03
   9.6769587e-03
   2.1499651e-02
   1.1642142e-02
   1.6684109e-02
   1.0888795e-02
  -2.7388805e-02
   1.5693974e-02
   1.6328392e-02
  -1.4320471e-02
  -1.1396501e-02
   3.2744438e-02
   3.4458320e-02
   9.4570125e-03
   1.2601218e-02
   2.4657682e-02
   3.6553377e-02
   2.4799226e-02
   1.3358710e-02
   2.1906096e-03
   1.4037371e-03
   5.2940934e-03
  -1.6370716e-02
  -1.3330710e-02
   4.7804763e-03
  -2.3661185e-02
   2.7549769e-03
  -1.9088775e-02
  -4.9512478e-02
  -3.5448901e-02
  -1.1205764e-02
  -1.9553349e-02
  -4.1514907e-02
   4.6024094e-04
  -1.4781716e-02
  -3.7256221e-02
  -5.4123527e-02
  -2.3349752e-02
   3.1359608e-02
   4.1245221e-02
   2.8927883e-02
   2.1069892e-02
  -8.2727615e-03
   1.6131991e-02
   2.6139369e-02
   5.7110196e-03
  -3.0801351e-02
  -3.5834285e-02
  -5.0906810e-02
  -5.5953150e-02
   1.6956547e-02
   3.0785894e-02
