  -1.9593048e-02
  -4.2845427e-02
  -4.5171730e-02
  -1.2440569e-02
   5.1617652e-02
   4.4124473e-02
   6.7651680e-02
   4.4758451e-02
   8.7555869e-02
   1.0475956e-01
   1.1455302e-01
   7.0529127e-02
   9.5699695e-02
   2.7690445e-03
  -4.1530925e-02
  -1.8932593e-02
  -4.8587267e-02
  -5.5811068e-02
  -5.0023846e-02
  -1.7852938e-02
  -3.8426478e-02
  -2.5994572e-02
   1.3295341e-02
   6.4894651e-04
  -1.3352665e-02
  -3.2993467e-02
  -1.2509503e-03
   9.3334582e-03
   4.0391416e-02
   3.2875054e-02
  -2.0534112e-02
  -6.2473485e-02
  -5.4363603e-02
  -4.0474147e-02
  -7.4891848e-02
  -7.6449916e-02
  -3.7749305e-02
  -3.4649102e-02
  -5.6224458e-02
  -8.0361326e-02
  -8.7472644e-02
  -8.9601143e-02
  -8.6355403e-02
  -7.9931738e-02
  -8.4581257e-02
  -6.5410173e-02
  -5.2997059e-02
  -1.5757086e-02
  -1.3307162e-02
  -6.7981827e-03
   5.2681683e-03
  -1.9217798e-02
  -3.5986960e-02
  -4.3870280e-02
  -4.2556806e-02
  -5.7488121e-02
  -4.7787079e-02
  -2.8342954e-02
  -8.7369364e-02
  -5.8668243e-02
  -4.1511282e-02
  -6.3403547e-02
  -9.5880649e-02
  -9.9055185e-02
  -9.6010438e-02
  -1.0699151e-01
  -1.0879792e-01
  -9.7551495e-02
  -8.1518314e-02
  -8.4128965e-02
  -9.2439788e-02
  -1.1204677e-01
  -1.3241526e-01
  -1.0738610e-01
  -1.1335351e-01
  -1.1042815e-01
  -6.6514374e-02
  -7.5548501e-02
  -4.2327766e-02
   9.5336688e-03
  -4.5006369e-03
  -2.3199715e-02
  -7.9072254e-03
   9.2215467e-04
  -3.9747085e-02
   4.8506796e-03
   2.0964797e-02
   8.1481099e-03
  -3.2891641e-02
  -6.3076026e-02
  -6.2418052e-03
   2.4192393e-02
   3.6962025e-02
   6.6355321e-02
   2.7405111e-02
   5.0602117e-02
   9.2739564e-02
   1.2095460e-01
   1.0870633e-01
   1.2348608e-01
   1.0738847e-01
   2.3267624e-02
   4.6599908e-02
   7.9468830e-02
