   2.4777510e-02
  -3.8162837e-02
   4.8223247e-02
   3.2361683e-02
   3.3688355e-02
   5.6854103e-03
  -7.1493102e-02
   5.1633357e-03
  -7.3162825e-02
  -5.0859186e-02
  -9.5693162e-02
   1.1755020e-02
  -1.3790381e-02
  -4.1209867e-02
   1.1749430e-02
  -2.6289418e-02
  -1.2183555e-01
   6.6580031e-02
   3.2994474e-02
   2.2603442e-02
   1.1241831e-03
   4.5477888e-03
   1.7720618e-02
   5.1196807e-02
   8.8032873e-03
   2.8025119e-02
   2.0198851e-02
   3.8611942e-02
   3.4110143e-02
  -1.2805194e-02
  -3.7342078e-02
  -3.7501782e-02
  -2.1664728e-03
   3.9243510e-02
   7.4407828e-02
   4.1533224e-02
   4.9659549e-02
   1.1214683e-02
   4.8505599e-02
   5.3163876e-02
   8.9488173e-02
   7.0275082e-02
   2.0773035e-02
   1.1601504e-01
   1.8044522e-02
   4.8871921e-02
   1.0068427e-01
   6.6294023e-02
   3.3622226e-03
  -1.1448918e-02
   6.0780106e-03
  -5.0924405e-02
  -7.7102397e-03
   3.0037742e-03
   4.3736873e-02
   3.8245773e-02
   4.8101540e-02
   7.9505861e-02
  -1.4828967e-03
   3.7259859e-02
   7.1277098e-02
   2.9445655e-02
  -1.1961443e-02
   7.0211222e-02
   1.1913951e-01
   8.2201238e-02
   6.8039249e-02
   5.9141048e-02
   8.9552405e-02
   9.7878735e-02
   1.0900741e-01
   1.1343328e-01
   1.3011190e-01
   1.4634767e-01
   1.0877200e-01
   8.0052237e-02
   1.1461220e-01
   3.2766187e-02
   8.5232146e-02
   3.9662572e-02
  -2.8437872e-02
  -2.7627227e-02
   1.3968675e-02
   2.7369021e-02
  -3.9053100e-02
   1.2075320e-02
   6.7046913e-03
   3.4598676e-03
  -4.4850819e-02
  -5.3857628e-02
  -2.9725600e-02
  -7.7645581e-03
  -1.5289247e-02
  -3.6630903e-03
  -4.7844692e-02
  -4.1782206e-02
  -2.6283263e-02
  -2.6477848e-02
  -7.3324259e-02
  -8.6313288e-02
  -1.0349302e-01
  -1.5545927e-01
  -7.7236589e-02
  -5.8006518e-02
